%YAML:1.0
---
extrinsicRotation: !!opencv-matrix
   rows: 3
   cols: 3
   dt: d
   data: [ 2.4155678383290868e-01, 7.3546087594157750e-01,
       6.3304630173751830e-01, -9.6382978584152212e-01,
       1.0613100922900243e-01, 2.4447566914668392e-01,
       1.1261644688493300e-01, -6.6920363779591108e-01,
       7.3449576380788750e-01 ]
extrinsicTranslation: !!opencv-matrix
   rows: 3
   cols: 1
   dt: d
   data: [ 1.0598759804470880e+01, 3.3349561434041335e+00,
       -2.3921665432535491e+01 ]
