%YAML:1.0
---
extrinsicRotation: !!opencv-matrix
   rows: 3
   cols: 3
   dt: d
   data: [ 7.5532561845800150e-02, -9.9612823974363829e-01,
       4.4981797276803050e-02, 9.9625719013274494e-01,
       7.3487221993213336e-02, -4.5510870267754196e-02,
       4.2029075766884909e-02, 4.8250991585263893e-02,
       9.9795059927895235e-01 ]
extrinsicTranslation: !!opencv-matrix
   rows: 3
   cols: 1
   dt: d
   data: [ -8.6618274563606115e-02, 1.0181828590656241e+00,
       2.0248126695904331e-01 ]
